Chiptime	ax(g)	ay(g)	az(g)	wx(deg/s)	wy(deg/s)	wz(deg/s)	AngleX(deg)	AngleY(deg)	AngleZ(deg)	T(C)	magx	magy	magz
 2000-0-0 0:2:18.980	-0.0591	0.8804	0.4473	0.0	0.0	0.0	62.908	3.532	0.0	36.17	8107	19416	63705
 2000-0-0 0:2:19.95	-0.063	0.8774	0.4512	0.0	0.0	0.0	62.908	3.527	0.0	36.18	8096	19414	63727
 2000-0-0 0:2:19.205	-0.0605	0.8794	0.4492	0.0	0.0	0.0	62.902	3.532	0.0	36.14	8104	19405	63727
 2000-0-0 0:2:19.315	-0.0601	0.8784	0.4487	0.0	0.0	0.0	62.908	3.532	0.0	36.14	8099	19419	63741
 2000-0-0 0:2:19.425	-0.0625	0.8779	0.4526	0.0	0.0	0.0	62.908	3.527	0.0	36.15	8096	19391	63702
 2000-0-0 0:2:19.535	-0.0615	0.8799	0.4473	0.0	0.0	0.0	62.902	3.532	0.0	36.17	8102	19417	63716
 2000-0-0 0:2:19.645	-0.0581	0.8799	0.4487	0.0	0.0	0.0	62.908	3.532	0.0	36.2	8095	19401	63694
 2000-0-0 0:2:19.755	-0.0635	0.8779	0.4521	0.0	0.0	0.0	62.908	3.527	0.0	36.15	8109	19400	63736
 2000-0-0 0:2:19.860	-0.0601	0.8789	0.4492	0.0	0.0	0.0	62.902	3.532	0.0	36.21	8113	19412	63707
 2000-0-0 0:2:19.970	-0.0591	0.8809	0.4468	0.0	0.0	0.0	62.902	3.527	0.0	36.12	8111	19425	63709
 2000-0-0 0:2:20.80	-0.0645	0.8779	0.4536	0.0	0.0	0.0	62.908	3.527	0.0	36.17	8087	19409	63703
 2000-0-0 0:2:20.190	-0.0591	0.8784	0.4512	0.0	0.0	0.0	62.902	3.532	0.0	36.18	8104	19405	63714
 2000-0-0 0:2:20.300	-0.0601	0.8799	0.4448	0.0	0.0	0.0	62.902	3.527	0.0	36.18	8123	19409	63698
 2000-0-0 0:2:20.410	-0.0615	0.8774	0.4512	0.0	0.0	0.0	62.908	3.527	0.0	36.17	8114	19408	63703
 2000-0-0 0:2:20.520	-0.0615	0.8784	0.4497	0.0	0.0	0.0	62.902	3.527	0.0	36.17	8109	19412	63707
 2000-0-0 0:2:20.630	-0.0596	0.8813	0.4478	0.0	0.0	0.0	62.902	3.527	0.0	36.17	8108	19411	63722
 2000-0-0 0:2:20.740	-0.0625	0.8779	0.4512	0.0	0.0	0.0	62.908	3.527	0.0	36.18	8102	19418	63714
 2000-0-0 0:2:20.855	-0.062	0.8789	0.4492	0.0	0.0	0.0	62.902	3.527	0.0	36.15	8099	19405	63716
 2000-0-0 0:2:20.965	-0.0586	0.8789	0.4473	0.0	0.0	0.0	62.902	3.527	0.0	36.15	8098	19411	63722
 2000-0-0 0:2:21.75	-0.0635	0.8774	0.4521	0.0	0.0	0.0	62.908	3.527	0.0	36.18	8110	19412	63709
 2000-0-0 0:2:21.190	-0.0615	0.8789	0.4492	0.0	0.0	0.0	62.902	3.532	0.0	36.18	8098	19400	63703
 2000-0-0 0:2:21.295	-0.0581	0.8804	0.4482	0.0	0.0	0.0	62.902	3.527	0.0	36.15	8122	19404	63727
 2000-0-0 0:2:21.415	-0.063	0.8779	0.4512	0.0	0.0	0.0	62.908	3.527	0.0	36.17	8099	19414	63725
 2000-0-0 0:2:21.530	-0.0601	0.8789	0.4492	0.0	0.0	0.0	62.902	3.532	0.0	36.18	8102	19403	63709
 2000-0-0 0:2:21.635	-0.0601	0.8789	0.4463	0.0	0.0	0.0	62.902	3.527	0.0	36.15	8106	19426	63695
 2000-0-0 0:2:21.750	-0.062	0.8774	0.4526	0.0	0.0	0.0	62.908	3.527	0.0	36.18	8101	19417	63705
 2000-0-0 0:2:21.865	-0.061	0.8799	0.4487	0.0	0.0	0.0	62.902	3.532	0.0	36.17	8099	19424	63730
 2000-0-0 0:2:21.970	-0.0596	0.8804	0.4473	0.0	0.0	0.0	62.908	3.532	0.0	36.17	8104	19422	63702
 2000-0-0 0:2:22.80	-0.062	0.8774	0.4536	0.0	0.0	0.0	62.908	3.527	0.0	36.17	8098	19423	63690
 2000-0-0 0:2:22.200	-0.0615	0.8789	0.4492	0.0	0.0	0.0	62.902	3.527	0.0	36.17	8106	19422	63694
 2000-0-0 0:2:22.315	-0.0591	0.8794	0.4478	0.0	0.0	0.0	62.908	3.527	0.0	36.17	8110	19424	63689
 2000-0-0 0:2:22.425	-0.0635	0.8774	0.4517	0.0	0.0	0.0	62.908	3.527	0.0	36.2	8110	19416	63719
 2000-0-0 0:2:22.540	-0.0591	0.8789	0.4492	0.0	0.0	0.0	62.902	3.527	0.0	36.17	8102	19438	63715
 2000-0-0 0:2:22.650	-0.0605	0.8804	0.4482	0.0	0.0	0.0	62.908	3.527	0.0	36.2	8100	19417	63737
 2000-0-0 0:2:22.760	-0.0625	0.8774	0.4512	0.0	0.0	0.0	62.908	3.527	0.0	36.15	8088	19415	63737
 2000-0-0 0:2:22.870	-0.0601	0.8784	0.4492	0.0	0.0	0.0	62.902	3.527	0.0	36.18	8101	19406	63730
 2000-0-0 0:2:22.980	-0.0605	0.8789	0.4482	0.0	0.0	0.0	62.908	3.527	0.0	36.17	8085	19397	63700
 2000-0-0 0:2:23.90	-0.0625	0.8784	0.4517	0.0	0.0	0.0	62.908	3.527	0.0	36.18	8097	19434	63696
 2000-0-0 0:2:23.195	-0.0605	0.8794	0.4502	0.0	0.0	0.0	62.902	3.527	0.0	36.15	8111	19425	63681
 2000-0-0 0:2:23.305	-0.0601	0.8799	0.4478	0.0	0.0	0.0	62.902	3.527	0.0	36.15	8099	19423	63725
 2000-0-0 0:2:23.410	-0.0625	0.8774	0.4512	0.0	0.0	0.0	62.908	3.527	0.0	36.15	8086	19422	63686
 2000-0-0 0:2:23.525	-0.0601	0.8779	0.4482	0.0	0.0	0.0	62.902	3.527	0.0	36.18	8113	19426	63706
 2000-0-0 0:2:23.630	-0.0596	0.8804	0.4478	0.0	0.0	0.0	62.902	3.527	0.0	36.15	8093	19418	63710
 2000-0-0 0:2:23.740	-0.0625	0.8784	0.4521	0.0	0.0	0.0	62.908	3.527	0.0	36.17	8102	19428	63692
 2000-0-0 0:2:23.850	-0.061	0.8794	0.4497	0.0	0.0	0.0	62.902	3.532	0.0	36.17	8096	19431	63708
 2000-0-0 0:2:23.960	-0.0591	0.8794	0.4478	0.0	0.0	0.0	62.902	3.532	0.0	36.21	8113	19419	63719
 2000-0-0 0:2:24.70	-0.063	0.8765	0.4502	0.0	0.0	0.0	62.902	3.527	0.0	36.18	8107	19424	63723
 2000-0-0 0:2:24.185	-0.0601	0.8784	0.4487	0.0	0.0	0.0	62.902	3.532	0.0	36.2	8111	19424	63708
 2000-0-0 0:2:24.300	-0.0605	0.8789	0.4487	0.0	0.0	0.0	62.902	3.532	0.0	36.24	8108	19419	63695
 2000-0-0 0:2:24.410	-0.062	0.8789	0.4521	0.0	0.0	0.0	62.902	3.532	0.0	36.17	8091	19423	63716
 2000-0-0 0:2:24.525	-0.0605	0.8799	0.4507	0.0	0.0	0.0	62.902	3.532	0.0	36.17	8104	19419	63714
 2000-0-0 0:2:24.630	-0.061	0.8799	0.4482	0.0	0.0	0.0	62.902	3.532	0.0	36.21	8082	19409	63727
 2000-0-0 0:2:24.740	-0.0605	0.8784	0.4502	0.0	0.0	0.0	62.902	3.532	0.0	36.21	8068	19428	63735
 2000-0-0 0:2:24.850	-0.0605	0.8784	0.4482	0.0	0.0	0.0	62.902	3.532	0.0	36.15	8083	19399	63698
 2000-0-0 0:2:24.960	-0.0615	0.8779	0.4512	0.0	0.0	0.0	62.902	3.532	0.0	36.18	8081	19418	63727
 2000-0-0 0:2:25.70	-0.0615	0.8809	0.4487	0.0	0.0	0.0	62.897	3.532	0.0	36.15	8090	19415	63710
 2000-0-0 0:2:25.185	-0.0605	0.8799	0.4497	0.0	0.0	0.0	62.902	3.532	0.0	36.18	8086	19411	63682
 2000-0-0 0:2:25.295	-0.062	0.8789	0.4517	0.0	0.0	0.0	62.902	3.532	0.0	36.21	8088	19409	63698
 2000-0-0 0:2:25.405	-0.0625	0.8779	0.4502	0.0	0.0	0.0	62.902	3.532	0.0	36.18	8068	19428	63720
